AIRLINE_HA : -9.49870474795
AIRLINE_AS : -6.79011033322
MONTH_9 : -5.03994906096
MONTH_10 : -4.51155570881
AIRLINE_US : -4.3683885693
MONTH_11 : -2.34258238277
MONTH_4 : -1.9086937376
DAY_OF_WEEK_6 : -1.74106412777
AIRLINE_VX : -1.60449720798
AIRLINE_DL : -1.56335916157
AIRLINE_OO : -0.823493111878
AIRLINE_EV : -0.706293170801
DAY_OF_WEEK_2 : -0.678666248645
DAY_OF_WEEK_3 : -0.488953625506
MONTH_8 : -0.161376983837
AIRLINE_AA : 0.0
DAY_OF_WEEK_7 : -0.0
MONTH_5 : -0.0
DISTANCE : 0.000698438790963
DAY : 0.029955407087
DAY_OF_WEEK_4 : 0.0403297486215
DAY_OF_WEEK_5 : 0.0874611775474
MONTH_3 : 0.104670636602
MONTH_1 : 0.356608215727
AIRLINE_MQ : 0.958536740683
AIRLINE_WN : 1.50228891744
MONTH_7 : 1.53332419573
DAY_OF_WEEK_1 : 1.58614698919
MONTH_12 : 1.63554572205
AIRLINE_B6 : 2.2461669703
MONTH_2 : 2.98835518943
MONTH_6 : 3.94723382357
AIRLINE_F9 : 5.52386704071
AIRLINE_UA : 5.83199596534
AIRLINE_NK : 6.17931984939
