AIRLINE_HA : -8.41041590567
AIRLINE_AS : -7.8619420759
MONTH_9 : -5.08097466665
MONTH_10 : -4.97189035506
AIRLINE_US : -4.28878065737
MONTH_11 : -3.12566741248
MONTH_4 : -1.99208712361
AIRLINE_DL : -1.93865213176
DAY_OF_WEEK_6 : -1.45242937984
DAY_OF_WEEK_3 : -0.701901515344
AIRLINE_OO : -0.671095938691
DAY_OF_WEEK_2 : -0.360950615697
MONTH_5 : -0.275184446012
AIRLINE_VX : -0.130672618073
AIRLINE_EV : -0.0428093516129
DAY : -0.00324437316745
AIRLINE_AA : 0.0
DAY_OF_WEEK_5 : -0.0
MONTH_3 : 0.0
MONTH_8 : -0.0
DISTANCE : 0.00112895420376
MONTH_1 : 0.105952884006
DAY_OF_WEEK_7 : 0.171268211058
DAY_OF_WEEK_4 : 0.577997812016
AIRLINE_MQ : 1.15861695096
AIRLINE_WN : 1.46774420723
MONTH_7 : 1.55138413925
MONTH_12 : 1.62307201542
DAY_OF_WEEK_1 : 1.62909623686
AIRLINE_B6 : 2.27100663277
MONTH_2 : 2.56383883226
AIRLINE_F9 : 3.50294839722
AIRLINE_UA : 4.41374066519
MONTH_6 : 4.50909995751
AIRLINE_NK : 6.62056792449
